 5 6 2 1 7 9 4 8 3
 1 4 7 6 3 8 5 2 9
 9 3 8 4 2 5 1 7 6
 2 9 6 5 4 3 8 1 7
 4 7 3 9 8 1 2 6 5
 8 5 1 7 6 2 9 3 4
 3 2 5 8 9 6 7 4 1
 7 8 9 3 1 4 6 5 2
 6 1 4 2 5 7 3 9 8
 
 1 6 2 1 7 9 4 8 3
 1 4 7 6 3 8 5 2 9
 9 3 8 4 2 5 1 7 6
 2 9 6 5 4 3 8 1 7
 4 7 3 9 8 1 2 6 5
 8 5 1 7 6 2 9 3 4
 3 2 5 8 9 6 7 4 1
 7 8 9 3 1 4 6 5 2
 6 1 4 2 5 7 3 9 8
 
 1 1 3 2 9 7 4 6 5
 4 5 7 3 1 6 9 2 8
 2 9 6 5 4 8 1 3 7
 6 3 9 7 5 1 2 8 4
 1 7 4 9 8 2 3 5 6
 5 8 2 4 6 3 7 1 9
 9 4 1 6 3 5 8 7 2
 3 2 5 8 7 4 6 9 1
 7 6 8 1 2 9 5 4 3
 
 8 1 3 2 9 7 4 6 5
 4 5 7 3 1 6 9 2 8
 2 9 6 5 4 8 1 3 7
 6 3 9 7 5 1 2 8 4
 1 7 4 9 8 2 3 5 6
 5 8 2 4 6 3 7 1 9
 9 4 1 6 3 5 8 7 2
 3 2 5 8 7 4 6 9 1
 7 6 8 1 2 9 5 4 3
 
 8 1 3 2 9 7 4 6 5
 4 5 7 3 1 6 9 2 8
 2 9 6 5 4 8 1 3 7
 6 3 9 7 5 1 2 8 4
 1 7 4 9 8 2 3 5 6
 5 8 2 4 6 3 7 1 9
 9 4 1 6 3 5 8 7 2
 3 2 5 8 7 4 6 9 1
 7 6 8 1 2 9 5 4 3

 8 1 3 2 9 7 4 6 5
 4 5 7 3 1 6 9 2 8
 2 9 6 5 4 8 1 3 7
 6 3 9 7 1 1 2 8 4
 1 7 4 9 8 2 3 5 6
 5 8 2 4 6 3 7 1 9
 9 4 1 6 3 5 8 7 2
 3 2 5 8 7 4 6 9 1
 7 6 8 1 2 9 5 4 3
 
 8 1 3 2 9 7 7 6 5
 4 5 7 3 1 6 9 2 8
 2 9 6 5 4 8 1 3 7
 6 3 9 7 1 1 2 8 4
 1 7 4 9 8 2 3 5 6
 5 8 2 4 6 3 7 1 9
 9 4 1 6 3 5 8 7 2
 3 2 5 8 7 4 6 9 1
 7 6 8 1 2 9 5 4 3